rep;DATASET_NBR;FEAT_EXTR_ALGORITHM;GROUND_TRUTH_TRESHOLD;KFOLDS;NBR_OF_SUPERPIXELS;PATCH_HEIGHT;PATCH_WIDTH;RANDOM_SEED;RF_MAX_DEPTH;RF_NBR_TREES;UNET_ADAGRAD_DECAY;UNET_ADAGRAD_EPSILON;UNET_ADAGRAD_LEARNING_RATE;UNET_ADAMAX_BETA1;UNET_ADAMAX_BETA2;UNET_ADAMAX_DECAY;UNET_ADAMAX_EPSILON;UNET_ADAMAX_LEARNING_RATE;UNET_ADAM_BETA1;UNET_ADAM_BETA2;UNET_ADAM_DECAY;UNET_ADAM_EPSILON;UNET_ADAM_LEARNING_RATE;UNET_BATCHSIZE;UNET_CURR_TRIAL;UNET_DATA_GAUSSIAN_NOISE_STD;UNET_DATA_HEIGHT_SHIFT;UNET_DATA_ROT_RANGE;UNET_DATA_SHEAR_RANGE;UNET_DATA_STEPS_PER_EPOCH;UNET_DATA_USE_GENERATOR;UNET_DATA_WIDTH_SHIFT;UNET_LOSS;UNET_MODEL_NBR;UNET_NBR_EPOCHS;UNET_OPTIMIZER;UNET_SAVE_EPOCH_INTERVAL;UNET_SAVE_ONLY_BEST_WEIGHT;UNET_SGD_DECAY;UNET_SGD_LEARNING_RATE;UNET_SGD_MOMENTUM;UNET_SGD_NESTEROV;UNET_VALIDATION_SPLIT;acc_@_f1_score_max;accuracy;f1_max_px_lvl;f1_score;f1_score_max;pre_@_f1_score_max;pre_px_lvl;precision;rec_@_f1_score_max;rec_px_lvl;recall;th_@_f1_score_max
0;1;unet;0.5;5;200;32;32;0;0;150;0;0.00000001;0.0001;0.9;0.999;0;0.00000001;0.0001;0.9;0.999;0;0.00000001;0.0001;4;0;13;0.2;11.25;22.5;2000;1;0.2;mse;5;100;adam;10;0;0;0.0001;0;0;0;0.9960529378;0.9960186527;0.8962041359;0.9794863388;0.9798202021;0.9785332637;0.895632612;0.9783863279;0.9811223039;0.8967763897;0.9805915458;0.5026666667
1;1;unet;0.5;5;200;32;32;0;0;150;0;0.00000001;0.0001;0.9;0.999;0;0.00000001;0.0001;0.9;0.999;0;0.00000001;0.0001;4;1;13;0.2;11.25;22.5;2000;1;0.2;mse;5;100;adam;10;0;0;0.0001;0;0;0;0.9961172189;0.9960186501;0.896292416;0.9794678993;0.9803222705;0.9783124105;0.8949471186;0.9794130315;0.982359951;0.897641764;0.9795305085;0.4853333333
2;1;unet;0.5;5;200;32;32;0;0;150;0;0.00000001;0.0001;0.9;0.999;0;0.00000001;0.0001;0.9;0.999;0;0.00000001;0.0001;4;2;13;0.2;11.25;22.5;2000;1;0.2;mse;5;100;adam;10;0;0;0.0001;0;0;0;0.9960486502;0.9959886515;0.8961343625;0.9793143174;0.9800223978;0.9786780106;0.8959940676;0.9790557552;0.9813872235;0.8962747014;0.9795746878;0.4933333333
3;1;unet;0.5;5;200;32;32;0;0;150;0;0.00000001;0.0001;0.9;0.999;0;0.00000001;0.0001;0.9;0.999;0;0.00000001;0.0001;4;3;13;0.2;11.25;22.5;2000;1;0.2;mse;5;100;adam;10;0;0;0.0001;0;0;0;0.9958129415;0.9956758029;0.8959992704;0.9776628075;0.9788679436;0.9737511255;0.8916283335;0.9791205172;0.9840839521;0.9004132727;0.9762148391;0.4373333333
4;1;unet;0.5;5;200;32;32;0;0;150;0;0.00000001;0.0001;0.9;0.999;0;0.00000001;0.0001;0.9;0.999;0;0.00000001;0.0001;4;4;13;0.2;11.25;22.5;2000;1;0.2;mse;5;100;adam;10;0;0;0.0001;0;0;0;0.9962157943;0.9962115089;0.8962203722;0.9804527727;0.9807440252;0.9797539805;0.8962596167;0.9808991431;0.9817412056;0.8961811311;0.9800169797;0.492
5;1;unet;0.5;5;200;32;32;0;0;150;0;0.00000001;0.0001;0.9;0.999;0;0.00000001;0.0001;0.9;0.999;0;0.00000001;0.0001;4;5;13;0.2;11.25;22.5;2000;1;0.2;mse;5;100;adam;10;0;0;0.0001;0;0;0;0.9961643602;0.996108647;0.8961351479;0.9799274132;0.9804388368;0.9802709004;0.8967231796;0.9799722587;0.9806355589;0.8955478869;0.9798841094;0.504
6;1;unet;0.5;5;200;32;32;0;0;150;0;0.00000001;0.0001;0.9;0.999;0;0.00000001;0.0001;0.9;0.999;0;0.00000001;0.0001;4;6;13;0.2;11.25;22.5;2000;1;0.2;mse;5;100;adam;10;0;0;0.0001;0;0;0;0.9961686495;0.9960915087;0.8963898024;0.9798149488;0.9805217052;0.9774459752;0.8940511976;0.9810313641;0.9836418752;0.8987406737;0.9786021363;0.464
7;1;unet;0.5;5;200;32;32;0;0;150;0;0.00000001;0.0001;0.9;0.999;0;0.00000001;0.0001;0.9;0.999;0;0.00000001;0.0001;4;7;13;0.2;11.25;22.5;2000;1;0.2;mse;5;100;adam;10;0;0;0.0001;0;0;0;0.9953029513;0.9951958117;0.8946917228;0.975195942;0.9760117697;0.9728222518;0.8924800426;0.9762149002;0.9792653151;0.8969143919;0.9741810059;0.4706666667
8;1;unet;0.5;5;200;32;32;0;0;150;0;0.00000001;0.0001;0.9;0.999;0;0.00000001;0.0001;0.9;0.999;0;0.00000001;0.0001;4;8;13;0.2;11.25;22.5;2000;1;0.2;mse;5;100;adam;10;0;0;0.0001;0;0;0;0.9960572188;0.996057218;0.8960618353;0.9796558258;0.9799505968;0.9777072192;0.8951296744;0.9800508338;0.9822274618;0.8969959396;0.9792651783;0.4813333333
9;1;unet;0.5;5;200;32;32;0;0;150;0;0.00000001;0.0001;0.9;0.999;0;0.00000001;0.0001;0.9;0.999;0;0.00000001;0.0001;4;9;13;0.2;11.25;22.5;2000;1;0.2;mse;5;100;adam;10;0;0;0.0001;0;0;0;0.9961900723;0.996057216;0.8961463085;0.9796294074;0.9804999474;0.9795469971;0.8956801874;0.9812853979;0.9814757875;0.896612915;0.9779829999;0.4786666667
10;1;unet;0.5;5;200;32;32;0;0;150;0;0.00000001;0.0001;0.9;0.999;0;0.00000001;0.0001;0.9;0.999;0;0.00000001;0.0001;4;0;13;0.2;11.25;22.5;2000;1;0.2;mse;5;100;adam;10;0;0;0.0001;0;0;0;0.9965286423;0.9964386442;0.8965885858;0.9815950003;0.9822775483;0.9809006234;0.8965803166;0.9834518855;0.9836861621;0.8965968552;0.9797517375;0.4706666667
11;1;unet;0.5;5;200;32;32;0;0;150;0;0.00000001;0.0001;0.9;0.999;0;0.00000001;0.0001;0.9;0.999;0;0.00000001;0.0001;4;1;13;0.2;11.25;22.5;2000;1;0.2;mse;5;100;adam;10;0;0;0.0001;0;0;0;0.9966400659;0.9965457803;0.8968007563;0.9821565847;0.9829813361;0.9816477108;0.8960434918;0.9835950609;0.9843496635;0.8975593017;0.9807240447;0.4706666667
12;1;unet;0.5;5;200;32;32;0;0;150;0;0.00000001;0.0001;0.9;0.999;0;0.00000001;0.0001;0.9;0.999;0;0.00000001;0.0001;4;2;13;0.2;11.25;22.5;2000;1;0.2;mse;5;100;adam;10;0;0;0.0001;0;0;0;0.9966014959;0.9965157835;0.8969103182;0.9819855784;0.9827440193;0.9797740423;0.8957084513;0.9843210024;0.9857638423;0.8981154147;0.979663154;0.4493333333
13;1;unet;0.5;5;200;32;32;0;0;150;0;0.00000001;0.0001;0.9;0.999;0;0.00000001;0.0001;0.9;0.999;0;0.00000001;0.0001;4;3;13;0.2;11.25;22.5;2000;1;0.2;mse;5;100;adam;10;0;0;0.0001;0;0;0;0.9965372106;0.9964257841;0.8967142229;0.9815216124;0.9824352148;0.979454591;0.8952129727;0.9837461238;0.985454841;0.8982205167;0.9793093381;0.456
14;1;unet;0.5;5;200;32;32;0;0;150;0;0.00000001;0.0001;0.9;0.999;0;0.00000001;0.0001;0.9;0.999;0;0.00000001;0.0001;4;4;13;0.2;11.25;22.5;2000;1;0.2;mse;5;100;adam;10;0;0;0.0001;0;0;0;0.996575784;0.996481499;0.8967536656;0.9818064547;0.9826440433;0.9816660109;0.8965502949;0.9842321219;0.9836421684;0.8969571286;0.9793978434;0.4653333333
15;1;unet;0.5;5;200;32;32;0;0;150;0;0.00000001;0.0001;0.9;0.999;0;0.00000001;0.0001;0.9;0.999;0;0.00000001;0.0001;4;5;13;0.2;11.25;22.5;2000;1;0.2;mse;5;100;adam;10;0;0;0.0001;0;0;0;0.9966829242;0.9965757844;0.896938279;0.9823046053;0.9831557246;0.9807169963;0.8956867116;0.984120129;0.985631529;0.898193349;0.9805032555;0.4613333333
16;1;unet;0.5;5;200;32;32;0;0;150;0;0.00000001;0.0001;0.9;0.999;0;0.00000001;0.0001;0.9;0.999;0;0.00000001;0.0001;4;6;13;0.2;11.25;22.5;2000;1;0.2;mse;5;100;adam;10;0;0;0.0001;0;0;0;0.9966486361;0.9966057795;0.8969082579;0.9824795463;0.9830415628;0.9807853448;0.8958099702;0.9831815433;0.9853222541;0.898009242;0.981785082;0.4733333333
17;1;unet;0.5;5;200;32;32;0;0;150;0;0.00000001;0.0001;0.9;0.999;0;0.00000001;0.0001;0.9;0.999;0;0.00000001;0.0001;4;7;13;0.2;11.25;22.5;2000;1;0.2;mse;5;100;adam;10;0;0;0.0001;0;0;0;0.9964943587;0.9963315029;0.8967953037;0.9810652309;0.9821373018;0.9797392667;0.8949874033;0.9817656907;0.9845706384;0.8986105229;0.9803704438;0.468
18;1;unet;0.5;5;200;32;32;0;0;150;0;0.00000001;0.0001;0.9;0.999;0;0.00000001;0.0001;0.9;0.999;0;0.00000001;0.0001;4;8;13;0.2;11.25;22.5;2000;1;0.2;mse;5;100;adam;10;0;0;0.0001;0;0;0;0.9966486385;0.9965114965;0.896735043;0.9819766653;0.9829491452;0.9819677048;0.89636794;0.983507271;0.9839517464;0.8971024469;0.9804589002;0.476
19;1;unet;0.5;5;200;32;32;0;0;150;0;0.00000001;0.0001;0.9;0.999;0;0.00000001;0.0001;0.9;0.999;0;0.00000001;0.0001;4;9;13;0.2;11.25;22.5;2000;1;0.2;mse;5;100;adam;10;0;0;0.0001;0;0;0;0.9963786459;0.9962500778;0.8968146517;0.9806491665;0.9815837223;0.9780296601;0.8935260786;0.9811529474;0.9851895988;0.900127521;0.9801494298;0.464
20;1;unet;0.5;5;200;32;32;0;0;150;0;0.00000001;0.0001;0.9;0.999;0;0.00000001;0.0001;0.9;0.999;0;0.00000001;0.0001;4;0;13;0.2;11.25;22.5;2000;1;0.2;mse;5;100;adam;10;0;0;0.0001;0;0;0;0.9967643491;0.9965757816;0.897347295;0.9822854768;0.9836812961;0.9802709794;0.894795108;0.9852361964;0.9871346627;0.8999140826;0.9793536152;0.432
21;1;unet;0.5;5;200;32;32;0;0;150;0;0.00000001;0.0001;0.9;0.999;0;0.00000001;0.0001;0.9;0.999;0;0.00000001;0.0001;4;1;13;0.2;11.25;22.5;2000;1;0.2;mse;5;100;adam;10;0;0;0.0001;0;0;0;0.996575786;0.9964386447;0.8967451939;0.9815714657;0.9824678928;0.9812235052;0.8959194718;0.9847397743;0.9837307715;0.8975724395;0.978425243;0.4506666667
22;1;unet;0.5;5;200;32;32;0;0;150;0;0.00000001;0.0001;0.9;0.999;0;0.00000001;0.0001;0.9;0.999;0;0.00000001;0.0001;4;2;13;0.2;11.25;22.5;2000;1;0.2;mse;5;100;adam;10;0;0;0.0001;0;0;0;0.9966229209;0.9965029236;0.896875969;0.9819360426;0.9827449531;0.9808000446;0.8958776172;0.9835579568;0.9847029027;0.8978765484;0.9803262547;0.4586666667
23;1;unet;0.5;5;200;32;32;0;0;150;0;0.00000001;0.0001;0.9;0.999;0;0.00000001;0.0001;0.9;0.999;0;0.00000001;0.0001;4;3;13;0.2;11.25;22.5;2000;1;0.2;mse;5;100;adam;10;0;0;0.0001;0;0;0;0.9964472166;0.9963786462;0.8970679592;0.9812819429;0.9819246776;0.9769565335;0.8929532716;0.9833174661;0.9869577206;0.9012207428;0.9792652369;0.4333333333
24;1;unet;0.5;5;200;32;32;0;0;150;0;0.00000001;0.0001;0.9;0.999;0;0.00000001;0.0001;0.9;0.999;0;0.00000001;0.0001;4;4;13;0.2;11.25;22.5;2000;1;0.2;mse;5;100;adam;10;0;0;0.0001;0;0;0;0.996815779;0.9966914963;0.8969154585;0.9828988133;0.9838353181;0.9827605549;0.8972375941;0.9849547856;0.984924249;0.8965935541;0.980856915;0.4733333333
25;1;unet;0.5;5;200;32;32;0;0;150;0;0.00000001;0.0001;0.9;0.999;0;0.00000001;0.0001;0.9;0.999;0;0.00000001;0.0001;4;5;13;0.2;11.25;22.5;2000;1;0.2;mse;5;100;adam;10;0;0;0.0001;0;0;0;0.9966743504;0.9965586374;0.897305891;0.982230652;0.983077459;0.9774082616;0.8927836113;0.9832142423;0.9888147093;0.9018742179;0.9812545193;0.4253333333
26;1;unet;0.5;5;200;32;32;0;0;150;0;0.00000001;0.0001;0.9;0.999;0;0.00000001;0.0001;0.9;0.999;0;0.00000001;0.0001;4;6;13;0.2;11.25;22.5;2000;1;0.2;mse;5;100;adam;10;0;0;0.0001;0;0;0;0.996472925;0.9964043545;0.8969771654;0.9814223402;0.9822010417;0.9776221383;0.8933863566;0.9830146436;0.9868252314;0.900596956;0.9798398127;0.4386666667
27;1;unet;0.5;5;200;32;32;0;0;150;0;0.00000001;0.0001;0.9;0.999;0;0.00000001;0.0001;0.9;0.999;0;0.00000001;0.0001;4;7;13;0.2;11.25;22.5;2000;1;0.2;mse;5;100;adam;10;0;0;0.0001;0;0;0;0.9965886404;0.9965072142;0.8970544805;0.9819593649;0.9826691688;0.9802707772;0.8952144222;0.9833328324;0.9851011326;0.8989021186;0.9805915849;0.4653333333
28;1;unet;0.5;5;200;32;32;0;0;150;0;0.00000001;0.0001;0.9;0.999;0;0.00000001;0.0001;0.9;0.999;0;0.00000001;0.0001;4;8;13;0.2;11.25;22.5;2000;1;0.2;mse;5;100;adam;10;0;0;0.0001;0;0;0;0.9965414969;0.9964214996;0.8968500746;0.9815005626;0.9823955377;0.980564255;0.8959596495;0.9837021522;0.9842612266;0.8977422712;0.9793094261;0.4546666667
29;1;unet;0.5;5;200;32;32;0;0;150;0;0.00000001;0.0001;0.9;0.999;0;0.00000001;0.0001;0.9;0.999;0;0.00000001;0.0001;4;9;13;0.2;11.25;22.5;2000;1;0.2;mse;5;100;adam;10;0;0;0.0001;0;0;0;0.9964043578;0.996412929;0.8968986795;0.981477171;0.9818216776;0.9786216371;0.894753033;0.9825426251;0.9850567577;0.8990546415;0.9804147209;0.4613333333
30;1;unet;0.5;5;200;32;32;0;0;150;0;0.00000001;0.0001;0.9;0.999;0;0.00000001;0.0001;0.9;0.999;0;0.00000001;0.0001;4;0;13;0.2;11.25;22.5;2000;1;0.2;mse;5;100;adam;10;0;0;0.0001;0;0;0;0.9966186398;0.9965200711;0.8970448847;0.9819953328;0.9828989123;0.9800334416;0.8951470453;0.9850545161;0.9858081682;0.8989507885;0.9789557958;0.4373333333
31;1;unet;0.5;5;200;32;32;0;0;150;0;0.00000001;0.0001;0.9;0.999;0;0.00000001;0.0001;0.9;0.999;0;0.00000001;0.0001;4;1;13;0.2;11.25;22.5;2000;1;0.2;mse;5;100;adam;10;0;0;0.0001;0;0;0;0.9965672114;0.9963915006;0.8970271545;0.9813333363;0.9825189936;0.978562276;0.8946236147;0.9840428262;0.986515585;0.8994436439;0.9786462179;0.436
32;1;unet;0.5;5;200;32;32;0;0;150;0;0.00000001;0.0001;0.9;0.999;0;0.00000001;0.0001;0.9;0.999;0;0.00000001;0.0001;4;2;13;0.2;11.25;22.5;2000;1;0.2;mse;5;100;adam;10;0;0;0.0001;0;0;0;0.9966743519;0.9965157822;0.8969015578;0.9819840546;0.9831573451;0.9817585227;0.8967494571;0.9843190917;0.9845705015;0.8970537101;0.9796630172;0.4626666667
33;1;unet;0.5;5;200;32;32;0;0;150;0;0.00000001;0.0001;0.9;0.999;0;0.00000001;0.0001;0.9;0.999;0;0.00000001;0.0001;4;3;13;0.2;11.25;22.5;2000;1;0.2;mse;5;100;adam;10;0;0;0.0001;0;0;0;0.9965886395;0.9964472141;0.896897517;0.981627794;0.982596327;0.9791914857;0.8943922528;0.9840495794;0.9860293288;0.8994168554;0.9792209794;0.4386666667
34;1;unet;0.5;5;200;32;32;0;0;150;0;0.00000001;0.0001;0.9;0.999;0;0.00000001;0.0001;0.9;0.999;0;0.00000001;0.0001;4;4;13;0.2;11.25;22.5;2000;1;0.2;mse;5;100;adam;10;0;0;0.0001;0;0;0;0.9967814933;0.9966486391;0.8974058224;0.9826711993;0.9835150743;0.9792297354;0.8939570771;0.9850725445;0.9878422066;0.9008812802;0.980282046;0.4266666667
35;1;unet;0.5;5;200;32;32;0;0;150;0;0.00000001;0.0001;0.9;0.999;0;0.00000001;0.0001;0.9;0.999;0;0.00000001;0.0001;4;5;13;0.2;11.25;22.5;2000;1;0.2;mse;5;100;adam;10;0;0;0.0001;0;0;0;0.9967000688;0.9966400699;0.8973689329;0.9826567679;0.9833041705;0.9773034189;0.8926602229;0.9833576909;0.9893895392;0.9021275825;0.9819621219;0.4226666667
36;1;unet;0.5;5;200;32;32;0;0;150;0;0.00000001;0.0001;0.9;0.999;0;0.00000001;0.0001;0.9;0.999;0;0.00000001;0.0001;4;6;13;0.2;11.25;22.5;2000;1;0.2;mse;5;100;adam;10;0;0;0.0001;0;0;0;0.9965329248;0.996460069;0.8970260745;0.9817062721;0.9825549374;0.9791342916;0.8946212015;0.9835809751;0.9860292018;0.8994439116;0.9798398714;0.448
37;1;unet;0.5;5;200;32;32;0;0;150;0;0.00000001;0.0001;0.9;0.999;0;0.00000001;0.0001;0.9;0.999;0;0.00000001;0.0001;4;7;13;0.2;11.25;22.5;2000;1;0.2;mse;5;100;adam;10;0;0;0.0001;0;0;0;0.9967814897;0.9966614918;0.8969154092;0.9827470996;0.983601355;0.9818726666;0.8962557373;0.9846012442;0.9853658959;0.8975760529;0.9809008793;0.4693333333
38;1;unet;0.5;5;200;32;32;0;0;150;0;0.00000001;0.0001;0.9;0.999;0;0.00000001;0.0001;0.9;0.999;0;0.00000001;0.0001;4;8;13;0.2;11.25;22.5;2000;1;0.2;mse;5;100;adam;10;0;0;0.0001;0;0;0;0.9965800692;0.9964814995;0.8968166892;0.9818112898;0.9825726696;0.9805477998;0.8959600417;0.9839720157;0.9846148177;0.8976749764;0.9796631931;0.456
39;1;unet;0.5;5;200;32;32;0;0;150;0;0.00000001;0.0001;0.9;0.999;0;0.00000001;0.0001;0.9;0.999;0;0.00000001;0.0001;4;9;13;0.2;11.25;22.5;2000;1;0.2;mse;5;100;adam;10;0;0;0.0001;0;0;0;0.9965243564;0.9964129308;0.8969189569;0.9814703229;0.9824535219;0.9798782061;0.8950095813;0.9828861834;0.9850567284;0.8988364968;0.9800610418;0.46
40;1;unet;0.5;5;200;32;32;0;0;150;0;0.00000001;0.0001;0.9;0.999;0;0.00000001;0.0001;0.9;0.999;0;0.00000001;0.0001;4;0;13;0.2;11.25;22.5;2000;1;0.2;mse;5;100;adam;10;0;0;0.0001;0;0;0;0.9967300655;0.9965243565;0.8968823339;0.9820339649;0.9833237557;0.9814120197;0.8964008978;0.9841155576;0.9852779477;0.8973642875;0.9799728102;0.4613333333
41;1;unet;0.5;5;200;32;32;0;0;150;0;0.00000001;0.0001;0.9;0.999;0;0.00000001;0.0001;0.9;0.999;0;0.00000001;0.0001;4;1;13;0.2;11.25;22.5;2000;1;0.2;mse;5;100;adam;10;0;0;0.0001;0;0;0;0.9967129226;0.9966743521;0.8971073245;0.9828261821;0.9833052314;0.9797471363;0.8945396281;0.9839630514;0.9869136781;0.899689804;0.981696909;0.452
42;1;unet;0.5;5;200;32;32;0;0;150;0;0.00000001;0.0001;0.9;0.999;0;0.00000001;0.0001;0.9;0.999;0;0.00000001;0.0001;4;2;13;0.2;11.25;22.5;2000;1;0.2;mse;5;100;adam;10;0;0;0.0001;0;0;0;0.9967000667;0.9965500688;0.8970146655;0.9821754976;0.9831266016;0.9809227758;0.8959210061;0.9838170585;0.9853665507;0.8981109982;0.9805474446;0.46
43;1;unet;0.5;5;200;32;32;0;0;150;0;0.00000001;0.0001;0.9;0.999;0;0.00000001;0.0001;0.9;0.999;0;0.00000001;0.0001;4;3;13;0.2;11.25;22.5;2000;1;0.2;mse;5;100;adam;10;0;0;0.0001;0;0;0;0.9965886426;0.9964043611;0.8969529173;0.9813980958;0.9825393542;0.9788433154;0.8942705136;0.9843937804;0.9862946199;0.8996514614;0.9784252625;0.432
44;1;unet;0.5;5;200;32;32;0;0;150;0;0.00000001;0.0001;0.9;0.999;0;0.00000001;0.0001;0.9;0.999;0;0.00000001;0.0001;4;4;13;0.2;11.25;22.5;2000;1;0.2;mse;5;100;adam;10;0;0;0.0001;0;0;0;0.9967257803;0.9965372111;0.897153345;0.9821193249;0.9834373628;0.9798719513;0.8946417563;0.9832578534;0.9870464604;0.8996790752;0.9809895313;0.4506666667
45;1;unet;0.5;5;200;32;32;0;0;150;0;0.00000001;0.0001;0.9;0.999;0;0.00000001;0.0001;0.9;0.999;0;0.00000001;0.0001;4;5;13;0.2;11.25;22.5;2000;1;0.2;mse;5;100;adam;10;0;0;0.0001;0;0;0;0.996712923;0.9966400684;0.8969010805;0.9826388473;0.9832417561;0.9823451811;0.8968364319;0.984386335;0.9841724867;0.8969657384;0.9809010064;0.4786666667
46;1;unet;0.5;5;200;32;32;0;0;150;0;0.00000001;0.0001;0.9;0.999;0;0.00000001;0.0001;0.9;0.999;0;0.00000001;0.0001;4;6;13;0.2;11.25;22.5;2000;1;0.2;mse;5;100;adam;10;0;0;0.0001;0;0;0;0.9967300664;0.9966829245;0.8968233537;0.9828717731;0.9833352703;0.9832249298;0.8978083801;0.9839623414;0.9834652263;0.8958404863;0.9817852286;0.496
47;1;unet;0.5;5;200;32;32;0;0;150;0;0.00000001;0.0001;0.9;0.999;0;0.00000001;0.0001;0.9;0.999;0;0.00000001;0.0001;4;7;13;0.2;11.25;22.5;2000;1;0.2;mse;5;100;adam;10;0;0;0.0001;0;0;0;0.9966572062;0.9965243532;0.8971063522;0.9820488071;0.9830582505;0.9800120502;0.894961289;0.9834265275;0.9861617398;0.8992617228;0.9806799435;0.4613333333
48;1;unet;0.5;5;200;32;32;0;0;150;0;0.00000001;0.0001;0.9;0.999;0;0.00000001;0.0001;0.9;0.999;0;0.00000001;0.0001;4;8;13;0.2;11.25;22.5;2000;1;0.2;mse;5;100;adam;10;0;0;0.0001;0;0;0;0.9966143532;0.9964643561;0.8972513601;0.9817281356;0.982761613;0.9788471973;0.8942141806;0.983589632;0.986736687;0.9003092413;0.9798841778;0.4373333333
49;1;unet;0.5;5;200;32;32;0;0;150;0;0.00000001;0.0001;0.9;0.999;0;0.00000001;0.0001;0.9;0.999;0;0.00000001;0.0001;4;9;13;0.2;11.25;22.5;2000;1;0.2;mse;5;100;adam;10;0;0;0.0001;0;0;0;0.9966229241;0.9965500694;0.8969199336;0.9821737639;0.9828703229;0.9815409529;0.8963960499;0.9838544445;0.9842169691;0.89744443;0.9805031968;0.4693333333
50;1;unet;0.5;5;200;32;32;0;0;150;0;0.00000001;0.0001;0.9;0.999;0;0.00000001;0.0001;0.9;0.999;0;0.00000001;0.0001;4;0;13;0.2;11.25;22.5;2000;1;0.2;mse;5;100;adam;10;0;0;0.0001;0;0;0;0.9966572071;0.9965929223;0.8970091954;0.9824009404;0.9831463693;0.9811599377;0.8961459163;0.9838658654;0.9851451751;0.8978741395;0.9809452346;0.4666666667
51;1;unet;0.5;5;200;32;32;0;0;150;0;0.00000001;0.0001;0.9;0.999;0;0.00000001;0.0001;0.9;0.999;0;0.00000001;0.0001;4;1;13;0.2;11.25;22.5;2000;1;0.2;mse;5;100;adam;10;0;0;0.0001;0;0;0;0.9966100654;0.9965629239;0.8968342504;0.9822547107;0.9826909459;0.9816140467;0.8965765963;0.9831245907;0.9837746674;0.8970920527;0.9813873017;0.4853333333
52;1;unet;0.5;5;200;32;32;0;0;150;0;0.00000001;0.0001;0.9;0.999;0;0.00000001;0.0001;0.9;0.999;0;0.00000001;0.0001;4;2;13;0.2;11.25;22.5;2000;1;0.2;mse;5;100;adam;10;0;0;0.0001;0;0;0;0.9966443498;0.9965157806;0.8970030083;0.9819965075;0.9828354304;0.9810312651;0.8964675189;0.9837196591;0.984658958;0.8975391379;0.980281958;0.472
53;1;unet;0.5;5;200;32;32;0;0;150;0;0.00000001;0.0001;0.9;0.999;0;0.00000001;0.0001;0.9;0.999;0;0.00000001;0.0001;4;3;13;0.2;11.25;22.5;2000;1;0.2;mse;5;100;adam;10;0;0;0.0001;0;0;0;0.9964643572;0.9963400746;0.8965613973;0.9810896531;0.9818779666;0.9802288871;0.8960276977;0.9827879451;0.9835537413;0.897095733;0.9793978434;0.4653333333
54;1;unet;0.5;5;200;32;32;0;0;150;0;0.00000001;0.0001;0.9;0.999;0;0.00000001;0.0001;0.9;0.999;0;0.00000001;0.0001;4;4;13;0.2;11.25;22.5;2000;1;0.2;mse;5;100;adam;10;0;0;0.0001;0;0;0;0.9966743532;0.9965029268;0.8968822622;0.9819092655;0.9831229015;0.9812934092;0.8963583805;0.9847051668;0.9849684479;0.8974067566;0.9791325621;0.4546666667
55;1;unet;0.5;5;200;32;32;0;0;150;0;0.00000001;0.0001;0.9;0.999;0;0.00000001;0.0001;0.9;0.999;0;0.00000001;0.0001;4;5;13;0.2;11.25;22.5;2000;1;0.2;mse;5;100;adam;10;0;0;0.0001;0;0;0;0.9967429234;0.9966829244;0.8972975996;0.9828710615;0.9835822892;0.9805040085;0.8951959526;0.9840532318;0.98669284;0.8994091378;0.9816967624;0.456
56;1;unet;0.5;5;200;32;32;0;0;150;0;0.00000001;0.0001;0.9;0.999;0;0.00000001;0.0001;0.9;0.999;0;0.00000001;0.0001;4;6;13;0.2;11.25;22.5;2000;1;0.2;mse;5;100;adam;10;0;0;0.0001;0;0;0;0.9967643491;0.9966314943;0.8972304442;0.9826088156;0.9834718932;0.9805421915;0.8948759616;0.9835234408;0.9864274121;0.899597349;0.9816967819;0.46
57;1;unet;0.5;5;200;32;32;0;0;150;0;0.00000001;0.0001;0.9;0.999;0;0.00000001;0.0001;0.9;0.999;0;0.00000001;0.0001;4;7;13;0.2;11.25;22.5;2000;1;0.2;mse;5;100;adam;10;0;0;0.0001;0;0;0;0.9966272122;0.9965586417;0.8970804407;0.9822398993;0.9828579;0.9797214555;0.8949590248;0.9827423523;0.9860294852;0.8992119377;0.9817410688;0.4626666667
58;1;unet;0.5;5;200;32;32;0;0;150;0;0.00000001;0.0001;0.9;0.999;0;0.00000001;0.0001;0.9;0.999;0;0.00000001;0.0001;4;8;13;0.2;11.25;22.5;2000;1;0.2;mse;5;100;adam;10;0;0;0.0001;0;0;0;0.9966829227;0.9966186387;0.8968459084;0.982526816;0.9831936771;0.9823671376;0.8974905326;0.9842933484;0.984040193;0.8962022095;0.9807683218;0.48
59;1;unet;0.5;5;200;32;32;0;0;150;0;0.00000001;0.0001;0.9;0.999;0;0.00000001;0.0001;0.9;0.999;0;0.00000001;0.0001;4;9;13;0.2;11.25;22.5;2000;1;0.2;mse;5;100;adam;10;0;0;0.0001;0;0;0;0.9966229272;0.996550071;0.8970296738;0.9821864489;0.9827991981;0.979208123;0.8948694854;0.9831714413;0.9864273827;0.8992003167;0.9812105844;0.4613333333
60;1;unet;0.5;5;200;32;32;0;0;150;0;0.00000001;0.0001;0.9;0.999;0;0.00000001;0.0001;0.9;0.999;0;0.00000001;0.0001;4;0;13;0.2;11.25;22.5;2000;1;0.2;mse;5;100;adam;10;0;0;0.0001;0;0;0;0.9967172065;0.9965629232;0.8970682445;0.9822448209;0.9832372597;0.9810786958;0.8960351694;0.9837266692;0.9854105346;0.8981037044;0.9807683413;0.4613333333
61;1;unet;0.5;5;200;32;32;0;0;150;0;0.00000001;0.0001;0.9;0.999;0;0.00000001;0.0001;0.9;0.999;0;0.00000001;0.0001;4;1;13;0.2;11.25;22.5;2000;1;0.2;mse;5;100;adam;10;0;0;0.0001;0;0;0;0.9966572095;0.9965029284;0.8970423892;0.9819404076;0.9829660358;0.9799742626;0.8950702082;0.9830745295;0.9859852472;0.8990232804;0.980812638;0.4586666667
62;1;unet;0.5;5;200;32;32;0;0;150;0;0.00000001;0.0001;0.9;0.999;0;0.00000001;0.0001;0.9;0.999;0;0.00000001;0.0001;4;2;13;0.2;11.25;22.5;2000;1;0.2;mse;5;100;adam;10;0;0;0.0001;0;0;0;0.9966486418;0.9966057848;0.8967359829;0.9824649497;0.9829282273;0.9831926871;0.897968275;0.9839906574;0.982669656;0.8955070684;0.9809453617;0.4906666667
63;1;unet;0.5;5;200;32;32;0;0;150;0;0.00000001;0.0001;0.9;0.999;0;0.00000001;0.0001;0.9;0.999;0;0.00000001;0.0001;4;3;13;0.2;11.25;22.5;2000;1;0.2;mse;5;100;adam;10;0;0;0.0001;0;0;0;0.9964857837;0.9963957862;0.8968758404;0.9813862479;0.9821191131;0.9782110267;0.8941354925;0.9825516842;0.9860736743;0.8996330373;0.9802379937;0.4493333333
64;1;unet;0.5;5;200;32;32;0;0;150;0;0.00000001;0.0001;0.9;0.999;0;0.00000001;0.0001;0.9;0.999;0;0.00000001;0.0001;4;4;13;0.2;11.25;22.5;2000;1;0.2;mse;5;100;adam;10;0;0;0.0001;0;0;0;0.9967900682;0.9966357865;0.8971820868;0.9826096653;0.9837135121;0.9798147988;0.8951111633;0.9846388402;0.9876652547;0.899262615;0.9805917706;0.4466666667
65;1;unet;0.5;5;200;32;32;0;0;150;0;0.00000001;0.0001;0.9;0.999;0;0.00000001;0.0001;0.9;0.999;0;0.00000001;0.0001;4;5;13;0.2;11.25;22.5;2000;1;0.2;mse;5;100;adam;10;0;0;0.0001;0;0;0;0.9967300655;0.9966143534;0.8970180606;0.9825039252;0.9834430953;0.9821428569;0.8968383694;0.9843392957;0.9847473655;0.8971978239;0.9806800217;0.4733333333
66;1;unet;0.5;5;200;32;32;0;0;150;0;0.00000001;0.0001;0.9;0.999;0;0.00000001;0.0001;0.9;0.999;0;0.00000001;0.0001;4;6;13;0.2;11.25;22.5;2000;1;0.2;mse;5;100;adam;10;0;0;0.0001;0;0;0;0.9967257807;0.9966400677;0.8971311623;0.982654225;0.9833357437;0.9805378696;0.8948753838;0.9835253402;0.986162121;0.8993983421;0.9817852188;0.4653333333
67;1;unet;0.5;5;200;32;32;0;0;150;0;0.00000001;0.0001;0.9;0.999;0;0.00000001;0.0001;0.9;0.999;0;0.00000001;0.0001;4;7;13;0.2;11.25;22.5;2000;1;0.2;mse;5;100;adam;10;0;0;0.0001;0;0;0;0.9967129226;0.9965886388;0.8972546982;0.9823857402;0.983255627;0.9787199449;0.8941728031;0.9833890103;0.9878420503;0.9003579113;0.9813872235;0.4466666667
68;1;unet;0.5;5;200;32;32;0;0;150;0;0.00000001;0.0001;0.9;0.999;0;0.00000001;0.0001;0.9;0.999;0;0.00000001;0.0001;4;8;13;0.2;11.25;22.5;2000;1;0.2;mse;5;100;adam;10;0;0;0.0001;0;0;0;0.9966572084;0.9964814981;0.8971801577;0.9818305325;0.9830219528;0.9792940985;0.8948364808;0.9829017257;0.9867810423;0.8995361436;0.9807683022;0.452
69;1;unet;0.5;5;200;32;32;0;0;150;0;0.00000001;0.0001;0.9;0.999;0;0.00000001;0.0001;0.9;0.999;0;0.00000001;0.0001;4;9;13;0.2;11.25;22.5;2000;1;0.2;mse;5;100;adam;10;0;0;0.0001;0;0;0;0.9965929236;0.9965157837;0.8970439206;0.982002899;0.9826689624;0.9800144106;0.8948001277;0.9833761506;0.9853660425;0.8992989948;0.9806357544;0.46
70;1;unet;0.5;5;200;32;32;0;0;150;0;0.00000001;0.0001;0.9;0.999;0;0.00000001;0.0001;0.9;0.999;0;0.00000001;0.0001;4;0;13;0.2;11.25;22.5;2000;1;0.2;mse;5;100;adam;10;0;0;0.0001;0;0;0;0.9967729236;0.996695783;0.8970732688;0.9829284316;0.9835574651;0.9808660235;0.8960414428;0.9845204189;0.9862945319;0.898107474;0.9813432201;0.4626666667
71;1;unet;0.5;5;200;32;32;0;0;150;0;0.00000001;0.0001;0.9;0.999;0;0.00000001;0.0001;0.9;0.999;0;0.00000001;0.0001;4;1;13;0.2;11.25;22.5;2000;1;0.2;mse;5;100;adam;10;0;0;0.0001;0;0;0;0.9967000673;0.9966572103;0.8971305691;0.9827411957;0.9834177603;0.9810449935;0.8954773305;0.9835327734;0.9858085494;0.8987899235;0.9819621903;0.472
72;1;unet;0.5;5;200;32;32;0;0;150;0;0.00000001;0.0001;0.9;0.999;0;0.00000001;0.0001;0.9;0.999;0;0.00000001;0.0001;4;2;13;0.2;11.25;22.5;2000;1;0.2;mse;5;100;adam;10;0;0;0.0001;0;0;0;0.9966872085;0.9966357818;0.897000732;0.982630035;0.9831320118;0.9819225526;0.8972079281;0.9836178552;0.9843493898;0.8967936316;0.9816524853;0.4853333333
73;1;unet;0.5;5;200;32;32;0;0;150;0;0.00000001;0.0001;0.9;0.999;0;0.00000001;0.0001;0.9;0.999;0;0.00000001;0.0001;4;3;13;0.2;11.25;22.5;2000;1;0.2;mse;5;100;adam;10;0;0;0.0001;0;0;0;0.9964986417;0.996481499;0.8968332821;0.981821254;0.9822176551;0.9802820122;0.8956372788;0.9834561732;0.9841726724;0.898032484;0.9801936678;0.464
74;1;unet;0.5;5;200;32;32;0;0;150;0;0.00000001;0.0001;0.9;0.999;0;0.00000001;0.0001;0.9;0.999;0;0.00000001;0.0001;4;4;13;0.2;11.25;22.5;2000;1;0.2;mse;5;100;adam;10;0;0;0.0001;0;0;0;0.9966400677;0.9965757829;0.8967762291;0.9823167321;0.9829428171;0.9825855927;0.8974538751;0.9835174832;0.9833325416;0.8960996057;0.9811219813;0.492
75;1;unet;0.5;5;200;32;32;0;0;150;0;0.00000001;0.0001;0.9;0.999;0;0.00000001;0.0001;0.9;0.999;0;0.00000001;0.0001;4;5;13;0.2;11.25;22.5;2000;1;0.2;mse;5;100;adam;10;0;0;0.0001;0;0;0;0.996700066;0.9965714979;0.897315887;0.9822953751;0.9833788011;0.9794216373;0.8946291546;0.9833844918;0.9874000418;0.9000188055;0.981210555;0.448
76;1;unet;0.5;5;200;32;32;0;0;150;0;0.00000001;0.0001;0.9;0.999;0;0.00000001;0.0001;0.9;0.999;0;0.00000001;0.0001;4;6;13;0.2;11.25;22.5;2000;1;0.2;mse;5;100;adam;10;0;0;0.0001;0;0;0;0.9966186388;0.9966229242;0.8970777338;0.9825668215;0.9827970299;0.9806534474;0.8957155356;0.9833962572;0.9849682915;0.8984440816;0.981740971;0.472
77;1;unet;0.5;5;200;32;32;0;0;150;0;0.00000001;0.0001;0.9;0.999;0;0.00000001;0.0001;0.9;0.999;0;0.00000001;0.0001;4;7;13;0.2;11.25;22.5;2000;1;0.2;mse;5;100;adam;10;0;0;0.0001;0;0;0;0.9966657825;0.9965972129;0.8968170261;0.9824428708;0.9832184082;0.9821899934;0.8964670152;0.9827931132;0.9842609138;0.8971673104;0.9820947479;0.4906666667
78;1;unet;0.5;5;200;32;32;0;0;150;0;0.00000001;0.0001;0.9;0.999;0;0.00000001;0.0001;0.9;0.999;0;0.00000001;0.0001;4;8;13;0.2;11.25;22.5;2000;1;0.2;mse;5;100;adam;10;0;0;0.0001;0;0;0;0.9967086383;0.9966100693;0.8972326435;0.9824873873;0.9832852836;0.9795243981;0.8943252364;0.9841775728;0.9870904639;0.9001590159;0.9808126086;0.4453333333
79;1;unet;0.5;5;200;32;32;0;0;150;0;0.00000001;0.0001;0.9;0.999;0;0.00000001;0.0001;0.9;0.999;0;0.00000001;0.0001;4;9;13;0.2;11.25;22.5;2000;1;0.2;mse;5;100;adam;10;0;0;0.0001;0;0;0;0.996562926;0.9964257843;0.8970038051;0.9815444109;0.9825478821;0.9793206925;0.8952923181;0.9826828241;0.9858084908;0.8987218481;0.9804146525;0.4613333333
80;1;unet;0.5;5;200;32;32;0;0;150;0;0.00000001;0.0001;0.9;0.999;0;0.00000001;0.0001;0.9;0.999;0;0.00000001;0.0001;4;0;13;0.2;11.25;22.5;2000;1;0.2;mse;5;100;adam;10;0;0;0.0001;0;0;0;0.9967300624;0.9966143505;0.897126873;0.982514323;0.983353176;0.9797600064;0.8944040035;0.9837429921;0.9870023202;0.8998663719;0.981298816;0.452
81;1;unet;0.5;5;200;32;32;0;0;150;0;0.00000001;0.0001;0.9;0.999;0;0.00000001;0.0001;0.9;0.999;0;0.00000001;0.0001;4;1;13;0.2;11.25;22.5;2000;1;0.2;mse;5;100;adam;10;0;0;0.0001;0;0;0;0.9966872076;0.9965414971;0.8971613852;0.9821284918;0.9831677522;0.9798452032;0.8947918271;0.9839450322;0.9865156535;0.8995435266;0.9803263133;0.4493333333
82;1;unet;0.5;5;200;32;32;0;0;150;0;0.00000001;0.0001;0.9;0.999;0;0.00000001;0.0001;0.9;0.999;0;0.00000001;0.0001;4;2;13;0.2;11.25;22.5;2000;1;0.2;mse;5;100;adam;10;0;0;0.0001;0;0;0;0.9967900651;0.9966529243;0.897290744;0.9827139261;0.9836637194;0.9798782937;0.8943974225;0.9840489438;0.9874885471;0.9002028456;0.9813873213;0.4453333333
83;1;unet;0.5;5;200;32;32;0;0;150;0;0.00000001;0.0001;0.9;0.999;0;0.00000001;0.0001;0.9;0.999;0;0.00000001;0.0001;4;3;13;0.2;11.25;22.5;2000;1;0.2;mse;5;100;adam;10;0;0;0.0001;0;0;0;0.9965115009;0.9964343604;0.8967470536;0.9815820833;0.9822089574;0.9821353771;0.8976346306;0.9830198248;0.9823156446;0.8958612302;0.9801495275;0.488
84;1;unet;0.5;5;200;32;32;0;0;150;0;0.00000001;0.0001;0.9;0.999;0;0.00000001;0.0001;0.9;0.999;0;0.00000001;0.0001;4;4;13;0.2;11.25;22.5;2000;1;0.2;mse;5;100;adam;10;0;0;0.0001;0;0;0;0.996592924;0.9965029258;0.896780528;0.9819467875;0.9827817122;0.9826355502;0.897642796;0.9827787501;0.9829345854;0.8959199151;0.9811221084;0.4946666667
85;1;unet;0.5;5;200;32;32;0;0;150;0;0.00000001;0.0001;0.9;0.999;0;0.00000001;0.0001;0.9;0.999;0;0.00000001;0.0001;4;5;13;0.2;11.25;22.5;2000;1;0.2;mse;5;100;adam;10;0;0;0.0001;0;0;0;0.9966743528;0.9965414982;0.8972101835;0.9821502211;0.9830836545;0.9795900911;0.894780773;0.9826567664;0.9866041881;0.899652822;0.9816526026;0.4586666667
86;1;unet;0.5;5;200;32;32;0;0;150;0;0.00000001;0.0001;0.9;0.999;0;0.00000001;0.0001;0.9;0.999;0;0.00000001;0.0001;4;6;13;0.2;11.25;22.5;2000;1;0.2;mse;5;100;adam;10;0;0;0.0001;0;0;0;0.9965929255;0.9964986408;0.8969618638;0.9819197321;0.9827188392;0.9812518471;0.8959858052;0.9830295359;0.9842168029;0.8979400513;0.9808125793;0.472
87;1;unet;0.5;5;200;32;32;0;0;150;0;0.00000001;0.0001;0.9;0.999;0;0.00000001;0.0001;0.9;0.999;0;0.00000001;0.0001;4;7;13;0.2;11.25;22.5;2000;1;0.2;mse;5;100;adam;10;0;0;0.0001;0;0;0;0.9966829236;0.9965543551;0.8970770172;0.9822146905;0.9831397731;0.9790579993;0.8940886467;0.9828248278;0.9872675135;0.9000854311;0.9816084428;0.4546666667
88;1;unet;0.5;5;200;32;32;0;0;150;0;0.00000001;0.0001;0.9;0.999;0;0.00000001;0.0001;0.9;0.999;0;0.00000001;0.0001;4;8;13;0.2;11.25;22.5;2000;1;0.2;mse;5;100;adam;10;0;0;0.0001;0;0;0;0.9966614993;0.9965843591;0.8967892663;0.9823579363;0.9830718697;0.9817715828;0.8965178492;0.983471349;0.9843937255;0.8970608477;0.9812549299;0.4786666667
89;1;unet;0.5;5;200;32;32;0;0;150;0;0.00000001;0.0001;0.9;0.999;0;0.00000001;0.0001;0.9;0.999;0;0.00000001;0.0001;4;9;13;0.2;11.25;22.5;2000;1;0.2;mse;5;100;adam;10;0;0;0.0001;0;0;0;0.996678636;0.9965929233;0.8971430019;0.9823900602;0.9831905876;0.9798976216;0.8946945535;0.9844203709;0.9865158294;0.8996048881;0.9803704145;0.452
90;1;unet;0.5;5;200;32;32;0;0;150;0;0.00000001;0.0001;0.9;0.999;0;0.00000001;0.0001;0.9;0.999;0;0.00000001;0.0001;4;0;13;0.2;11.25;22.5;2000;1;0.2;mse;5;100;adam;10;0;0;0.0001;0;0;0;0.9967514951;0.9966186412;0.8972521365;0.9825249269;0.9834814055;0.9799902529;0.8952875486;0.9844241837;0.9870020074;0.8992253654;0.980635774;0.4466666667
91;1;unet;0.5;5;200;32;32;0;0;150;0;0.00000001;0.0001;0.9;0.999;0;0.00000001;0.0001;0.9;0.999;0;0.00000001;0.0001;4;1;13;0.2;11.25;22.5;2000;1;0.2;mse;5;100;adam;10;0;0;0.0001;0;0;0;0.9967000636;0.9966314932;0.8971948152;0.9825878504;0.9833020373;0.9799371285;0.8951007246;0.9845545575;0.9866925272;0.8992987271;0.9806356371;0.4573333333
92;1;unet;0.5;5;200;32;32;0;0;150;0;0.00000001;0.0001;0.9;0.999;0;0.00000001;0.0001;0.9;0.999;0;0.00000001;0.0001;4;2;13;0.2;11.25;22.5;2000;1;0.2;mse;5;100;adam;10;0;0;0.0001;0;0;0;0.9966443526;0.9965500694;0.8971193749;0.9821800981;0.9829768643;0.979436587;0.8948804352;0.9835517792;0.9865599501;0.8993695461;0.9808126282;0.448
93;1;unet;0.5;5;200;32;32;0;0;150;0;0.00000001;0.0001;0.9;0.999;0;0.00000001;0.0001;0.9;0.999;0;0.00000001;0.0001;4;3;13;0.2;11.25;22.5;2000;1;0.2;mse;5;100;adam;10;0;0;0.0001;0;0;0;0.9965757809;0.9964686413;0.8969205774;0.9817529;0.9826158772;0.9793690658;0.8948858998;0.9835029913;0.9858965953;0.8989645285;0.9800169015;0.4546666667
94;1;unet;0.5;5;200;32;32;0;0;150;0;0.00000001;0.0001;0.9;0.999;0;0.00000001;0.0001;0.9;0.999;0;0.00000001;0.0001;4;4;13;0.2;11.25;22.5;2000;1;0.2;mse;5;100;adam;10;0;0;0.0001;0;0;0;0.9966272091;0.9966357801;0.8968935498;0.9826344255;0.982945013;0.9822470935;0.8968073032;0.9833969175;0.9836865335;0.896979813;0.9818736166;0.4826666667
95;1;unet;0.5;5;200;32;32;0;0;150;0;0.00000001;0.0001;0.9;0.999;0;0.00000001;0.0001;0.9;0.999;0;0.00000001;0.0001;4;5;13;0.2;11.25;22.5;2000;1;0.2;mse;5;100;adam;10;0;0;0.0001;0;0;0;0.99666578;0.9965972096;0.8971988119;0.9824397027;0.9831881567;0.9800258013;0.8954858109;0.9829180736;0.9863831545;0.8989183791;0.9819620144;0.4613333333
96;1;unet;0.5;5;200;32;32;0;0;150;0;0.00000001;0.0001;0.9;0.999;0;0.00000001;0.0001;0.9;0.999;0;0.00000001;0.0001;4;6;13;0.2;11.25;22.5;2000;1;0.2;mse;5;100;adam;10;0;0;0.0001;0;0;0;0.9967514907;0.9966057793;0.8973073224;0.9824704536;0.9836438829;0.9808792749;0.8953675238;0.9836907036;0.9864272361;0.8992555443;0.981254578;0.4573333333
97;1;unet;0.5;5;200;32;32;0;0;150;0;0.00000001;0.0001;0.9;0.999;0;0.00000001;0.0001;0.9;0.999;0;0.00000001;0.0001;4;7;13;0.2;11.25;22.5;2000;1;0.2;mse;5;100;adam;10;0;0;0.0001;0;0;0;0.9966272047;0.9964643522;0.8968997876;0.9817668697;0.9828942115;0.9800519396;0.89510019;0.9816230497;0.9857639889;0.898706636;0.9819177959;0.476
98;1;unet;0.5;5;200;32;32;0;0;150;0;0.00000001;0.0001;0.9;0.999;0;0.00000001;0.0001;0.9;0.999;0;0.00000001;0.0001;4;8;13;0.2;11.25;22.5;2000;1;0.2;mse;5;100;adam;10;0;0;0.0001;0;0;0;0.9966100706;0.9964429294;0.8968552921;0.9816215902;0.9827717588;0.9807200132;0.8960130361;0.9832837491;0.984835861;0.897699133;0.9799725169;0.464
99;1;unet;0.5;5;200;32;32;0;0;150;0;0.00000001;0.0001;0.9;0.999;0;0.00000001;0.0001;0.9;0.999;0;0.00000001;0.0001;4;9;13;0.2;11.25;22.5;2000;1;0.2;mse;5;100;adam;10;0;0;0.0001;0;0;0;0.9965629245;0.9964086421;0.8969994341;0.9814444752;0.9825191347;0.9797448063;0.8954580116;0.9831998322;0.9853220391;0.8985461724;0.9797072747;0.456
